Her:
	Latitude:  56.1710741
	Longitude: 10.1862614